2.000000000000000111e-01 0.000000000000000000e+00 2.399999999999999911e-01 0.000000000000000000e+00 0.000000000000000000e+00 0.000000000000000000e+00 1.000000000000000000e+00 0.000000000000000000e+00 8.000000000000000444e-01 -1.600000000000000089e+00 0.000000000000000000e+00 8.000000000000000444e-01 -1.600000000000000089e+00 0.000000000000000000e+00 -8.000000000000000444e-01 1.600000000000000089e+00 0.000000000000000000e+00 -8.000000000000000444e-01 1.600000000000000089e+00
1.975962607723249220e-01 -3.926188384373410404e-05 2.411801751900469470e-01 9.304514509146415353e-05 -9.163025434624211610e-03 -3.695144617350624836e-05 9.999580135896086741e-01 -2.018011022441298929e-03 7.283074053416722649e-01 -1.434247335999095707e+00 2.185667609833349696e-03 7.284280714339195217e-01 -1.434691621909599313e+00 -3.303389423590697566e-03 -7.515092999133163865e-01 1.511850264727290671e+00 3.265321390981932442e-03 -7.517264156062237745e-01 1.512151923379094098e+00
1.947378198906612456e-01 -9.465552219895145998e-05 2.448557242482101992e-01 2.274556553675494849e-05 -3.209355750501000082e-02 -5.530742867434501484e-05 9.994848673143581497e-01 2.691560013911896768e-03 6.560303650205779880e-01 -1.229331960996803641e+00 -1.918271357430367027e-03 6.561959299966457770e-01 -1.229910971323133762e+00 3.114745857965605172e-05 -7.148018177195827327e-01 1.517436078337251804e+00 5.537367942718787218e-04 -7.151170222101345120e-01 1.517822142458524093e+00
1.937937785580394201e-01 -1.566125650311641477e-04 2.539894724700333950e-01 -1.232761767757383517e-04 -7.587489882614630032e-02 -7.600065276897685640e-05 9.971173344973033315e-01 1.395172399857715594e-03 5.908318678506967458e-01 -9.308734726429808148e-01 3.271235615926186731e-04 5.908517915510118623e-01 -9.311772843132282151e-01 1.247394031320309821e-03 -6.527832320518465181e-01 1.585892021521226214e+00 4.701303703912966536e-04 -6.530996107271475060e-01 1.586187302630577722e+00
1.979140082878825813e-01 -2.155332857587007847e-04 2.709405193017638824e-01 -2.959516537232792033e-04 -1.507002360827706111e-01 -1.033827926871238201e-04 9.885794558705000012e-01 -4.934031051886758092e-03 5.902587648320550828e-01 -6.475343922919430950e-01 7.793674577033810058e-03 5.899707204100439473e-01 -6.472477859315234339e-01 8.410900145316524239e-05 -5.162445698018781615e-01 1.688584525459727814e+00 2.920489580953263432e-03 -5.165044572052361893e-01 1.688731350526485597e+00
2.069354395207343988e-01 -2.724314147359497467e-04 2.802640015992048927e-01 -5.160501708860822968e-04 -1.951391202252172608e-01 -4.439887408664379294e-06 9.807754368000030087e-01 1.004210772898516194e-02 5.956044775735047647e-01 -6.539805625767947106e-01 -6.106983727226379666e-03 5.951166770922432514e-01 -6.530879005300694873e-01 3.274032855649126710e-03 -3.709253442238982235e-01 1.730873656947389483e+00 2.196481654970134246e-03 -3.706782362438828526e-01 1.730896266276107154e+00
2.226976747229704179e-01 -3.156486708137866502e-04 2.845121333319881041e-01 -7.195289969171353092e-04 -1.828388678242255372e-01 8.233128427261131841e-05 9.831426264344037547e-01 2.213286735515991588e-02 5.661436364685875633e-01 -8.157507257626602781e-01 -1.727977893495050155e-02 5.657099803318597075e-01 -8.143763791178012523e-01 7.395272193849069219e-03 -2.713710337129067174e-01 1.607293924500784676e+00 -2.584427284315518429e-04 -2.706687970074177496e-01 1.606898804950546600e+00
2.455744058164687771e-01 -3.440958984323449501e-04 2.868768543260065695e-01 -8.143299738143335628e-04 -9.925680765630132130e-02 1.250529743320592693e-04 9.950615093361451224e-01 1.592780585514580460e-02 4.563099661325719092e-01 -1.043884788155531540e+00 -1.012690191073502277e-02 4.558150780309198624e-01 -1.042467907942361771e+00 6.553280485394856990e-03 -2.278002818993013490e-01 1.242540495034214043e+00 3.511078863689715175e-04 -2.268513551038628118e-01 1.241336830626773136e+00
2.768063192515829996e-01 -3.506582950318729041e-04 2.891143045423760771e-01 -8.562679817270447838e-04 7.157120905094802032e-02 9.051357615822766669e-06 9.974351250874423647e-01 1.693309933476506643e-03 4.047192495916936417e-01 -1.290970565465839659e+00 4.703691842950332228e-03 4.041103134314786294e-01 -1.289720637195018504e+00 -5.964080856558783179e-03 -2.809992567614184034e-01 7.884312872824615903e-01 1.173368780790927900e-02 -2.799337763704347060e-01 7.861682873458735177e-01
3.025773177778647849e-01 -3.579840413478399671e-04 2.875408262116486702e-01 -9.862229300930545808e-04 1.644905968398169827e-01 -1.461402569240492896e-04 9.863781473444340753e-01 6.762579170424698125e-03 4.153077127030196380e-01 -1.555844091630832704e+00 1.804395309103456677e-03 4.142158592657528837e-01 -1.554901352028374983e+00 7.634668616001114537e-03 -4.390578933992065336e-01 7.528326049309761459e-01 -2.582353036643260380e-03 -4.378286636160810819e-01 7.498925030501402134e-01
3.222081513617247039e-01 -3.627500897348714514e-04 2.837668374625117451e-01 -1.067975878609764024e-03 1.670148426451102952e-01 -2.543920878033203731e-04 9.859537702389586933e-01 9.202645995939550197e-03 5.060539633001954751e-01 -1.580340902676336867e+00 1.176345342519154180e-04 5.045889678138109069e-01 -1.579426148248910700e+00 2.115509703899894761e-02 -6.256703309844362515e-01 9.307473824862064760e-01 -1.592058640313324946e-02 -6.248202750230957836e-01 9.275193884206245354e-01
3.374936330560634468e-01 -3.622030294890764518e-04 2.791182208197819925e-01 -1.040894154192291421e-03 7.938189840929564534e-02 -3.278703717052520441e-04 9.968436804460945044e-01 6.169565020551890169e-03 6.342631665650992900e-01 -1.297997922176565844e+00 2.021186501238692815e-03 6.327383689509959996e-01 -1.296834221212309846e+00 1.647186429491005050e-02 -7.274755383693175537e-01 1.186819859345813022e+00 -1.074508037454924118e-02 -7.268831845187697649e-01 1.184064677602408189e+00
3.496799875571569016e-01 -3.605202916035575686e-04 2.738063718175219319e-01 -9.502720594669265526e-04 -9.139798459440240386e-02 -3.273807380655589729e-04 9.958139375490516754e-01 -2.709645552619684497e-03 7.765274466308293988e-01 -8.878530401398170291e-01 9.611826395215869109e-03 7.751336121723005901e-01 -8.863818070017717154e-01 2.645076380234907473e-03 -7.478012903769539754e-01 1.471239280978457797e+00 3.493560690229905938e-03 -7.474334966287435877e-01 1.469300781769429465e+00
3.670767083749949533e-01 -3.632889920896117107e-04 2.719960651824732678e-01 -9.183528845924485455e-04 -1.914673376037958064e-01 -3.043313652739610591e-04 9.814985087310695855e-01 1.200740289322190131e-02 7.771968843152174955e-01 -7.905365749554905674e-01 -5.357105165964366408e-03 7.757808482710573106e-01 -7.890089473841060963e-01 5.919262792803140633e-03 -5.972911291316168603e-01 1.768635033264021716e+00 9.019337568231082514e-04 -5.973032134871132381e-01 1.767521672678878941e+00
3.899893178708244701e-01 -3.665159203268313830e-04 2.730201181198875227e-01 -8.504410777142784377e-04 -2.075312657211627887e-01 -2.596537523382681160e-04 9.782279811363373545e-01 2.592302313490418841e-02 6.802807619737971656e-01 -8.598388527505194112e-01 -1.918024250753658233e-02 6.790695688273676867e-01 -8.584989360888306553e-01 8.252411385198494057e-03 -4.507724153397854039e-01 1.801916947460651119e+00 -1.421428106875132630e-03 -4.509426165422141253e-01 1.801267427708036717e+00
4.181988720830144279e-01 -3.645150374494478826e-04 2.774883139932960430e-01 -6.794643443283206966e-04 -1.317337972501286258e-01 -2.068784796531524764e-04 9.912848743885691594e-01 1.879602482138374026e-02 4.695795441609144083e-01 -1.008749563627275636e+00 -1.204813279188214625e-02 4.685509252271649605e-01 -1.008031206964299153e+00 6.230451740643749153e-03 -3.771898516335102647e-01 1.496812048799641914e+00 -8.475798119440564743e-04 -3.773558332246105262e-01 1.496244830537941439e+00
4.532620598471451823e-01 -3.431629970484913411e-04 2.855608624479482605e-01 -5.183045014728269442e-04 4.291049417424850493e-02 -2.979561451550508393e-04 9.990787416777022756e-01 8.427475263874315003e-04 3.364107942608548507e-01 -1.193924861091349321e+00 5.134516401370907424e-03 3.356763163835774777e-01 -1.193927916633274133e+00 -6.618133274973972413e-03 -4.157243115644342346e-01 1.031940759251237960e+00 1.027694502785021780e-02 -4.159603481704624017e-01 1.031186758928762881e+00
4.835801204622176552e-01 -3.299372386644539587e-04 2.874353431790153679e-01 -4.566977037209693502e-04 1.309253218293131016e-01 -4.377135978897806010e-04 9.913920314073058071e-01 6.016156485905286427e-03 3.547490562798912284e-01 -1.424828393482936217e+00 7.785677681540550954e-04 3.537431035291742631e-01 -1.425499016136161590e+00 6.601436693659005692e-03 -5.546734705486863204e-01 9.721518512711839755e-01 -4.162246586250827052e-03 -5.551247175807908496e-01 9.713488136813831497e-01
5.077667293902178303e-01 -3.180056985660927775e-04 2.851792117958763528e-01 -3.888459679756499604e-04 1.291651029077769408e-01 -5.173826523237798868e-04 9.916228906720677694e-01 8.096493941979771708e-03 4.596373886127954056e-01 -1.428409311683662919e+00 -1.688944924172234782e-03 4.587301671413167581e-01 -1.429646487772549879e+00 1.989035582141501085e-02 -7.058938382591359861e-01 1.116077092549243144e+00 -1.796062107908161926e-02 -7.067780079164553975e-01 1.115348579101590687e+00
5.270750814450069210e-01 -3.072012726184041986e-04 2.809378520611802155e-01 -2.280013866003954425e-04 4.122447807746355830e-02 -5.336561818520222386e-04 9.991497413469554445e-01 4.215710895218724788e-03 5.838968185264314936e-01 -1.126771785295445749e+00 4.336688019432165947e-04 5.836840336000900242e-01 -1.128687100733287929e+00 1.395820882194783417e-02 -7.674110058664035394e-01 1.326507521967108527e+00 -1.220717225777208197e-02 -7.684963925761094661e-01 1.326213066373822524e+00
5.426072354363605799e-01 -2.987902861804975978e-04 2.750721283036260401e-01 -4.269394655551213904e-05 -1.265966041020160082e-01 -4.499561864554339915e-04 9.919541801648372736e-01 -5.530868091888645546e-03 7.199957912238499347e-01 -7.108435063824466438e-01 8.558190292582028291e-03 7.205180695206874208e-01 -7.132330956735891681e-01 5.222791035542663496e-05 -7.543678993203600802e-01 1.571684641966279106e+00 1.363137801019834172e-03 -7.556435535219874211e-01 1.571961064135399599e+00
5.623143366280851652e-01 -2.959562619219479403e-04 2.728923194602165814e-01 4.677791715605995703e-05 -2.243785818143007038e-01 -4.005430680691660843e-04 9.745019699313491879e-01 7.575908299204611729e-03 7.220135041956963207e-01 -6.123115685384789009e-01 -4.860041817715167120e-03 7.225550283532065077e-01 -6.150070719524809437e-01 3.440319095022407320e-03 -5.759066895248798890e-01 1.855188402512245371e+00 -2.439917078335051767e-03 -5.774390537007300095e-01 1.856034430970280313e+00
5.869453374275048763e-01 -2.962607030525071209e-04 2.734941427688726834e-01 7.495840847943687629e-05 -2.385177468875556150e-01 -3.842828782742759020e-04 9.711380597667822467e-01 2.137454437475276581e-02 6.394847096581717238e-01 -6.911901081022091553e-01 -1.826585124071979788e-02 6.399112430587198252e-01 -6.939432641901756016e-01 5.580196574914774582e-03 -4.170608980401366295e-01 1.887662815145660922e+00 -4.938717800977747256e-03 -4.186636570687757297e-01 1.888802152337432538e+00
6.161860725128792682e-01 -3.004712284111460256e-04 2.774067084440334230e-01 1.193220637419021717e-04 -1.603497064224002067e-01 -3.812263138911927947e-04 9.870601866547920045e-01 1.578548553449293096e-02 4.514164477637513384e-01 -8.712564597154426327e-01 -1.202620786151079209e-02 4.515083253874538904e-01 -8.737987807157481246e-01 3.961307581828916492e-03 -3.572250923413866075e-01 1.593014207239868307e+00 -3.693859103786287148e-03 -3.587422998682075481e-01 1.594260648554443272e+00
6.516248693226622812e-01 -2.933524483630899613e-04 2.850359329073464121e-01 5.457990116879406103e-05 1.906939981414461013e-02 -4.922094397304078647e-04 9.998180398160607663e-01 -2.575816440815864583e-04 3.360044517202968040e-01 -1.093773152720405539e+00 4.012137336662219625e-03 3.358960738633988696e-01 -1.095985000696912071e+00 -8.059000340205135088e-03 -4.221950011684884596e-01 1.137397937228867839e+00 8.485968891081189722e-03 -4.235965170375505240e-01 1.138339773329057003e+00
6.824162398769003657e-01 -2.886898810690334462e-04 2.859599690161387375e-01 -6.476775638412999702e-05 1.088849073413611229e-01 -6.129233981409643430e-04 9.940541721069877656e-01 5.392673973566824985e-03 3.693311832368931236e-01 -1.352847450595836998e+00 -2.680508470303804430e-04 3.686242690730993643e-01 -1.354900897870967569e+00 5.599703162906281492e-03 -5.743370242068642773e-01 1.087992265889017096e+00 -5.329966080954486388e-03 -5.758001394409018037e-01 1.088503490317191735e+00
7.070458725950022894e-01 -2.827129970395298895e-04 2.824856808449011658e-01 -1.408239656216814272e-04 1.085145797865912642e-01 -6.651416931707365829e-04 9.940946251383105947e-01 7.623010636981097585e-03 4.788368122724119824e-01 -1.374079550519858639e+00 -2.299817091642911582e-03 4.781179177003073155e-01 -1.376268082121804737e+00 1.926601410274505002e-02 -7.292629597911366446e-01 1.237030981076510994e+00 -1.894751525153245963e-02 -7.309201028269346478e-01 1.237127137649707942e+00
7.266291166794079937e-01 -2.775030467585129306e-04 2.770134846095028136e-01 -8.266327033057241206e-05 2.193709798556131921e-02 -6.577304498240671340e-04 9.997591331362825073e-01 3.717422199597056071e-03 6.012334766297344757e-01 -1.086424027898179379e+00 3.354944651736907826e-04 6.012002319548392926e-01 -1.089106970182060152e+00 1.315099689654687654e-02 -7.906131514190872789e-01 1.440852362101425088e+00 -1.262155683130155616e-02 -7.922216208103761703e-01 1.440902630017562025e+00
7.423919314775430101e-01 -2.742356652395436332e-04 2.699962390551484126e-01 4.839131936051609828e-05 -1.453502147313314452e-01 -5.626773243587693697e-04 9.893801070013812371e-01 -6.041637724934795228e-03 7.402124740112830947e-01 -6.906892865708849083e-01 8.714554737837287152e-03 7.408445519325888018e-01 -6.936377093624968015e-01 -4.043929224040662684e-04 -7.719670166851650972e-01 1.676003245464090963e+00 8.427752478561111038e-04 -7.736268454938390882e-01 1.676241612348511323e+00
7.622268598732560019e-01 -2.755702879421750330e-04 2.669164917394680203e-01 8.831734218557593728e-05 -2.418387115501519080e-01 -5.225384014628883409e-04 9.703163178826935686e-01 7.499108457313278381e-03 7.486455520461637869e-01 -6.176404413266405324e-01 -4.770612762303578364e-03 7.491039839212003670e-01 -6.206084934147466647e-01 3.350368666718284150e-03 -5.785229241620866159e-01 1.951865489291140676e+00 -3.389313331695186643e-03 -5.805323492028918730e-01 1.952541328636356877e+00
7.870336450140641427e-01 -2.797536381625680265e-04 2.666802115260369921e-01 5.050881469640505615e-05 -2.540286047371249634e-01 -5.254102348029671349e-04 9.671965619088264132e-01 2.173354811452116869e-02 6.748710368808730209e-01 -7.212867521428585338e-01 -1.820600409601258463e-02 6.749996145115335633e-01 -7.239917686936443442e-01 5.754240029870075906e-03 -4.135186459149470806e-01 1.982938408579743461e+00 -6.044898050337579529e-03 -4.156554048918089661e-01 1.983794030823102794e+00
8.164747287484339644e-01 -2.900494033929003151e-04 2.697960846131722268e-01 1.801325049897112304e-05 -1.730345641224425024e-01 -5.302954086556764274e-04 9.849156096241233893e-01 1.644852197750051176e-02 4.950025424301217059e-01 -9.206042741151172493e-01 -1.182022412964449896e-02 4.946215490737916332e-01 -9.227663730118780272e-01 4.195589633012111047e-03 -3.671390960942053638e-01 1.696155565251825870e+00 -4.336538881125638623e-03 -3.689832934400064102e-01 1.696917757516527292e+00
8.521607104221493589e-01 -2.896827556420648528e-04 2.768195458708498924e-01 -1.499584304518977349e-04 1.142411398066588493e-02 -6.124891834336547913e-04 9.999345438523593588e-01 4.367996112299328548e-04 3.805232727335527976e-01 -1.153828495313694580e+00 4.610277869967800354e-03 3.798341246897672940e-01 -1.155364744642318531e+00 -7.849837070343305967e-03 -4.526216848158256534e-01 1.247472478038942345e+00 8.617514275928803841e-03 -4.540121441155433590e-01 1.247668041319253129e+00
8.831612668605608452e-01 -2.882346297996886430e-04 2.775220592676923559e-01 -3.646231080425639450e-04 1.012607948913042261e-01 -7.063827814897985198e-04 9.948595978786837213e-01 6.354637795341250978e-03 4.163672594529422288e-01 -1.408569853292977125e+00 4.958037572024374257e-04 4.150036180296110544e-01 -1.409766070576178310e+00 6.052835849420594092e-03 -6.111203873851789314e-01 1.209111627742681883e+00 -5.038424433516595566e-03 -6.124902023486815672e-01 1.208707450732275035e+00
9.080091011831541437e-01 -2.831767169292942520e-04 2.745858923797723783e-01 -4.585979915436693690e-04 9.689388344451765889e-02 -7.462627066516165945e-04 9.952943324117218271e-01 8.694983509624179541e-03 5.259097754160774185e-01 -1.406078248060389058e+00 -1.724298188500702871e-03 5.245494108354890050e-01 -1.407383173897623241e+00 1.997854344441535313e-02 -7.620101773086935815e-01 1.364672041611544540e+00 -1.881218451384671086e-02 -7.635609506812202074e-01 1.363846599605710086e+00
9.278500977022456908e-01 -2.773885759985704491e-04 2.706437266402034192e-01 -3.144343522698661011e-04 4.103491125251870417e-03 -7.258209760154458318e-04 9.999912677996412036e-01 4.397452600170893497e-03 6.352172591273530511e-01 -1.074351874012944075e+00 7.032990953080514931e-04 6.347326305919703815e-01 -1.076396845081917242e+00 1.330821927299047705e-02 -8.125313003004969170e-01 1.561432937797699871e+00 -1.212459417869250072e-02 -8.140662990283420442e-01 1.560861401697987816e+00
9.440332135178090001e-01 -2.723700030446809042e-04 2.660003112036021800e-01 -1.598205169829477483e-05 -1.684664076831806356e-01 -5.892931638811469992e-04 9.857072191885708490e-01 -6.255284028422986031e-03 7.452665300752108202e-01 -6.175504772324205138e-01 9.147578220619595468e-03 7.459172120689722130e-01 -6.205701827831882067e-01 -1.314372112222739197e-04 -7.692973040652167915e-01 1.782842285328391618e+00 6.877786927058527483e-04 -7.710128274348432287e-01 1.782885772021661985e+00
9.647144651827295192e-01 -2.667611290407567205e-04 2.652779033937140984e-01 2.138292274892642582e-04 -2.700004546075810419e-01 -5.076315849690256170e-04 9.628600371284161685e-01 6.166958581402330955e-03 7.267987467891449116e-01 -4.655695315404517753e-01 -4.121165252726223180e-03 7.279262564873132391e-01 -4.697728572925796708e-01 3.675004029170387404e-03 -5.235329536584557575e-01 2.041470101214296839e+00 -4.704150081196952632e-03 -5.257493916663207312e-01 2.042385206502561612e+00
9.909255392183200506e-01 -2.582335035819171795e-04 2.668182214766540716e-01 3.936163948880438209e-04 -2.897616256374973553e-01 -4.874425760272891131e-04 9.570986405662603724e-01 1.920687939649828174e-02 6.410764091709043599e-01 -4.940812740678470760e-01 -1.734624332539100658e-02 6.425444516878834333e-01 -4.993129587774168821e-01 5.261060262014534764e-03 -3.117767578285550734e-01 2.070434634514005889e+00 -8.140585211217297654e-03 -3.142762937170536230e-01 2.071953945184252355e+00
1.022246245236298146e+00 -2.515542174666887784e-04 2.705918951634325720e-01 6.233070122052307774e-04 -2.203164307006356959e-01 -5.145896035819211810e-04 9.754281198782616125e-01 1.374437192268283814e-02 4.813128206927380637e-01 -6.451851526600691500e-01 -1.197447980340764218e-02 4.827866898749495483e-01 -6.510376430466052744e-01 2.040671492016963608e-03 -2.567469843158411980e-01 1.820398162510003637e+00 -6.198569753646219344e-03 -2.592899375084255498e-01 1.822551630898015862e+00
1.060253468119100040e+00 -2.308955214275717517e-04 2.767260893083010043e-01 7.614139810204690250e-04 -5.139022984995569171e-02 -7.142254662514690468e-04 9.986781034981699889e-01 -1.935262863177345666e-03 4.021491030959489232e-01 -8.694040165169976131e-01 2.702498848990188274e-03 4.037005966953095548e-01 -8.756142460912954562e-01 -9.383819503990333682e-03 -3.625170763038211286e-01 1.429756519498896594e+00 5.078023675874206513e-03 -3.653150319794228884e-01 1.432541734584996673e+00
1.094162912745166194e+00 -2.029299725360678673e-04 2.750391902472620886e-01 9.493002096680370908e-04 3.373263239213545456e-02 -8.743944873846023124e-04 9.994300594715417319e-01 2.166074234910591451e-03 4.957359430392808131e-01 -1.172507559304539537e+00 -1.827431991350082774e-03 4.969758940943710401e-01 -1.179078947098300745e+00 4.517047455699299205e-03 -5.248063219046423811e-01 1.400120102240151265e+00 -1.020721064054109541e-02 -5.283263662357076118e-01 1.403585870904276334e+00
1.121822299007340096e+00 -1.694254097079606037e-04 2.665506728059212072e-01 1.237058751319571092e-03 5.296052604736010277e-02 -8.920351019304144195e-04 9.985954419282162542e-01 2.155908642342379590e-03 6.522335635700138301e-01 -1.339802562609922365e+00 -3.334114562085042140e-03 6.538296717936531444e-01 -1.346942883495130694e+00 1.718438327345644251e-02 -7.112725289868746525e-01 1.509748094548801323e+00 -2.439836220372485626e-02 -7.154898100784587989e-01 1.513980161249565137e+00
1.142919850482163380e+00 -1.378820986657010761e-04 2.523788100543737367e-01 1.719468405100748340e-03 1.896788902789258574e-02 -7.256385899027154550e-04 9.998183515333504134e-01 1.037797732203926638e-03 7.736825060276617538e-01 -1.324234163133402031e+00 -5.042328622333428281e-03 7.764144025695138840e-01 -1.332489224176445219e+00 3.069116376493492837e-03 -8.664343305266662965e-01 1.586297588148166238e+00 -1.132789039878543021e-02 -8.708166197342454007e-01 1.591596868367663342e+00
1.154804768332194698e+00 -1.113967185983246323e-04 2.331210688186617364e-01 2.318076373477710207e-03 -5.368856865251898924e-02 -2.319937308536745358e-04 9.985550111520542504e-01 -6.113595480243092135e-03 6.000873478034491892e-01 -1.298947097017023822e+00 -1.036930711936759689e-03 6.040470770279364743e-01 -1.308618298059695872e+00 -4.633876213845952545e-03 -9.472193029582891555e-01 1.699506338123404126e+00 -4.726889298996475759e-03 -9.517653995759087771e-01 1.705897235042851845e+00
1.167713778621235265e+00 -6.227594557765723994e-05 2.223972219069161871e-01 2.883848581768796819e-03 -1.049502535985997187e-01 -1.204858040333739200e-04 9.944732842917993754e-01 -4.801615112133550238e-03 6.549313424480388557e-01 -1.176886718587128788e+00 -5.007258010537334568e-03 6.604523965871960112e-01 -1.189273739105132677e+00 -5.524891831554567916e-03 -8.977413141073732339e-01 1.902859541080152539e+00 -7.131797971497004854e-03 -9.023843835575672268e-01 1.910021464170797767e+00
1.176530267812812447e+00 -1.151424969678353902e-05 2.178935240456837397e-01 3.392547292019757865e-03 -1.428295891614557445e-01 -2.581914298617654679e-05 9.897414805979453112e-01 -5.839299968113319597e-03 7.044069241885202448e-01 -1.068817948407594809e+00 -6.349806269976126030e-03 7.117531639593047688e-01 -1.084182329812282575e+00 -6.748894269740164306e-03 -8.383033290270940352e-01 2.055184945468664370e+00 -9.341165119853379190e-03 -8.427641540940329357e-01 2.062859988268239686e+00
1.180871425264998331e+00 2.597041091610024951e-05 2.170844947870164410e-01 3.813970432543792744e-03 -1.642494265360149586e-01 6.541415960292726328e-05 9.864114634538253545e-01 -7.365422617354119156e-03 7.176275988538087791e-01 -9.842648872785654257e-01 -6.833529837239901185e-03 7.266723688422039862e-01 -1.002468263206174992e+00 -1.024884545656799817e-02 -7.940028386740946020e-01 2.136210617293180736e+00 -8.675132987418853608e-03 -7.981861763392245068e-01 2.144312581655430705e+00
1.181278176736765051e+00 3.754043784314798504e-05 2.171397361986398822e-01 4.170034966040674085e-03 -1.751046235502060899e-01 1.222740884378550907e-04 9.845409928838767533e-01 -9.314610915479791878e-03 7.312173182889044609e-01 -8.997676793071860413e-01 -6.937574617960472027e-03 7.419563640928699133e-01 -9.207945834005555330e-01 -1.322242147945650211e-02 -7.498405444451951007e-01 2.217155000223401728e+00 -8.514378141115502494e-03 -7.537602360157531489e-01 2.225685720922527810e+00
