2.000000000000000111e-01 0.000000000000000000e+00 2.500000000000000000e-01 0.000000000000000000e+00 0.000000000000000000e+00 0.000000000000000000e+00 1.000000000000000000e+00 0.000000000000000000e+00 8.000000000000000444e-01 -1.600000000000000089e+00 0.000000000000000000e+00 8.000000000000000444e-01 -1.600000000000000089e+00 0.000000000000000000e+00 -8.000000000000000444e-01 1.600000000000000089e+00 0.000000000000000000e+00 -8.000000000000000444e-01 1.600000000000000089e+00
2.000002186496803169e-01 -3.836630779302845561e-05 2.351991528236160311e-01 -5.931445742445669213e-04 5.475124433693126539e-06 -1.532914330955789546e-08 9.999998240747528522e-01 -1.321136393274208436e-03 8.090699724735860299e-01 -1.611301385592444735e+00 4.119633284498547265e-03 8.081690608320220015e-01 -1.609573676987904101e+00 -1.322009121762551288e-03 -8.090761942397600714e-01 1.611276040302283885e+00 4.120215911545732114e-03 -8.081743673286277962e-01 1.609547349398780192e+00
1.999999212848358465e-01 -7.157196130857511080e-05 2.093285125828953652e-01 -1.946503274463599669e-03 -7.485559011781719323e-07 -6.539078424478653528e-07 9.999981055602128466e-01 4.513811362582694289e-03 8.973230612421987384e-01 -1.795579795653861721e+00 3.959663555587081968e-03 8.947750525211616290e-01 -1.790476924822240301e+00 4.511599245281385298e-03 -8.973202777455030477e-01 1.795581303292746123e+00 3.956707441647914700e-03 -8.947748424626009722e-01 1.790475845648672015e+00
1.999998767462036198e-01 -9.894988831193356400e-05 1.797372283921653269e-01 -3.653603673111500191e-03 -1.742904275778754699e-06 -1.495039525717008092e-06 9.999933255651893838e-01 8.551536410140812144e-03 1.011343019790414521e+00 -2.024585831846628547e+00 7.193606283090830250e-03 1.006912610714245648e+00 -2.015678045405358443e+00 8.544880333337541087e-03 -1.011337969633937739e+00 2.024597992731975715e+00 7.186533725616663267e-03 -1.006915122061454948e+00 2.015684280270979567e+00
1.999999287448610275e-01 -1.322113079267043427e-04 1.536367767852104826e-01 -5.366309301758947353e-03 -5.707823427231245259e-07 -2.228879760896181412e-06 9.999856012559301677e-01 1.179937898609410493e-02 1.108131430444904364e+00 -2.216440073546984912e+00 1.152747736002147916e-02 1.101958962085133997e+00 -2.204091763761122813e+00 1.178722279286877408e-02 -1.108124954365283799e+00 2.216448344075712118e+00 1.151540376703900567e-02 -1.101965865856841198e+00 2.204090008482146423e+00
1.999999715745245377e-01 -1.807432901612227678e-04 1.377951722069523099e-01 -6.835953884637490513e-03 9.040234813341254793e-07 -2.665066065205600037e-06 9.999766345903124964e-01 1.458659847222318687e-02 1.165496547777146175e+00 -2.328966074642284667e+00 1.564562789760193945e-02 1.157925138430837553e+00 -2.313864775861698586e+00 1.457022066305988309e-02 -1.165489611110195334e+00 2.328967817019396591e+00 1.562973961125038377e-02 -1.157936022747098503e+00 2.313853452978224201e+00
1.999999748129394073e-01 -2.427856318165590600e-04 1.388913070420431661e-01 -7.809590753928277382e-03 1.093682503487131358e-06 -2.633486250566876120e-06 9.999695046770800122e-01 1.685398222933542217e-02 1.163245660762421529e+00 -2.323736443923325901e+00 1.816406011319275648e-02 1.154728036304160543e+00 -2.306689588968680038e+00 1.683742876150487802e-02 -1.163239738353358588e+00 2.323740139073271926e+00 1.814950228001717750e-02 -1.154739618722578687e+00 2.306680817299873620e+00
2.000000314407537338e-01 -2.897552796522291012e-04 1.637293217544581181e-01 -7.975601573537887887e-03 -4.686744837651195828e-06 -1.915823125952422764e-06 9.999681943711531407e-01 1.972263701179502449e-02 1.069048613876933729e+00 -2.142499690801682455e+00 1.586101180782946429e-02 1.059928028539439460e+00 -2.124082189418516897e+00 1.971282443846814753e-02 -1.069037402108526491e+00 2.142533426516807005e+00 1.585233833358435165e-02 -1.059928668661624940e+00 2.124109001585779311e+00
2.000001904217163506e-01 -2.480896564854224496e-04 2.186979033637195258e-01 -6.990794073915914016e-03 -1.091138046471674796e-05 -3.311917261806903428e-07 9.999755640409659918e-01 2.011422765073272653e-02 8.359400380857879842e-01 -1.683533320688025858e+00 1.016211811817553309e-02 8.260675735266688191e-01 -1.663563852364173590e+00 2.011444348458065259e-02 -8.359236471440402161e-01 1.683588982814463009e+00 1.015947507786218833e-02 -8.260545979534879013e-01 1.663619367302655139e+00
1.999991486792694617e-01 -4.951270071801907322e-05 3.066134395615039421e-01 -4.992766928528868421e-03 6.502720468064128588e-06 1.325437780886966404e-06 9.999875360395024115e-01 5.659912343305302171e-03 4.618312599824903053e-01 -9.179822570487443656e-01 1.475954425156086360e-02 4.511989052810087553e-01 -8.967514027148995037e-01 5.662533123113528896e-03 -4.618429858687260747e-01 9.179392293567182337e-01 1.476350494608465180e-02 -4.512017240185343114e-01 8.967041495507381832e-01
1.999981127564625372e-01 1.969071027126688997e-04 4.293108149935314088e-01 -3.261760547561346358e-03 1.743223815037597108e-05 1.993328216954038947e-06 9.999946802909873700e-01 -4.921658113950679383e-03 1.687192263829158656e-01 -3.278907062984035559e-01 1.736310307884036258e-02 1.592543788639422253e-01 -3.079927598497725905e-01 -4.916150261425960080e-03 -1.687501028446493079e-01 3.277767432939093784e-01 1.737242728180145301e-02 -1.592667395472624481e-01 3.078725431825726222e-01
1.999976454065553744e-01 3.610805409212272492e-04 5.254412351267566672e-01 -1.979200413971711481e-03 2.387381148320378031e-05 2.106635695389239456e-06 9.999980410937435726e-01 -1.244144844807212706e-02 -4.980043939679540399e-02 1.055077723229772557e-01 1.826816544139742496e-02 -5.684368470115580552e-02 1.221433363739355960e-01 -1.243308335197217292e-02 4.975792515948190831e-02 -1.056688039047813388e-01 1.828133843392339142e-02 5.682646372468808105e-02 -1.223110780416001298e-01
1.999974753778046566e-01 4.719450033211589762e-04 5.964389457920314941e-01 -9.924931057975958353e-04 2.701896876899826072e-05 2.000782405103413818e-06 9.999995071115821421e-01 -1.740358705204496717e-02 -1.995883612543937202e-01 3.983539379851119833e-01 1.766825184690486161e-02 -2.035224442105176834e-01 4.103944026292651870e-01 -1.739278292953034752e-02 1.995401048117217968e-01 -3.985417284353174883e-01 1.768376361505556021e-02 2.035037237916700048e-01 -4.105882212284979182e-01
1.999974405436049096e-01 5.466805138353828973e-04 6.431197778471536841e-01 -1.662445869303611813e-04 2.770189337026077872e-05 1.875936469766239720e-06 9.999999857959115390e-01 -2.025199046529295097e-02 -2.859519713806489838e-01 5.643505541713573770e-01 1.580896715086356485e-02 -2.865536509066979320e-01 5.710048918980936694e-01 -2.023941379339106589e-02 2.859023485426976929e-01 -5.645480240984663833e-01 1.582547257310500111e-02 2.865356023711473910e-01 -5.712069682535583226e-01
1.999974276765079384e-01 5.928644170143897293e-04 6.658242010852805093e-01 5.968373707559371461e-04 2.652747461299160319e-05 1.820182590272969823e-06 9.999998215390505374e-01 -2.137185569100302773e-02 -3.136279481365013555e-01 6.149306204696348699e-01 1.297316139175134532e-02 -3.110476408944070625e-01 6.159081577210013814e-01 -2.135831562955536195e-02 3.135799374565818587e-01 -6.151236303278520001e-01 1.298954768304090915e-02 3.110313123520958012e-01 -6.161039854322851728e-01
1.999973484525025547e-01 6.116139425137084645e-04 6.645483157091877091e-01 1.349554779522285251e-03 2.395283695267548996e-05 1.837116734180896472e-06 9.999990890619768757e-01 -2.110890277315094488e-02 -2.867694938946417915e-01 5.594082951649566038e-01 9.455731635874820018e-03 -2.814510226262141313e-01 5.548896158736230655e-01 -2.109528706557601066e-02 2.867248016846207226e-01 -5.595853906899304064e-01 9.471108775992487933e-03 2.814363754824152908e-01 -5.550677291123867763e-01
1.999971317398998583e-01 6.019061901485774730e-04 6.390252607477825419e-01 2.102754972129516724e-03 2.033685309094836004e-05 1.864673186805080091e-06 9.999977889997869740e-01 -1.979390306259412591e-02 -2.089553939383050063e-01 4.051163617804619532e-01 5.541424436200627357e-03 -2.015635896103282199e-01 3.957349352696822864e-01 -1.978115241262804608e-02 2.089145704334980369e-01 -4.052685542168801280e-01 5.555057831471795458e-03 2.015495351756080855e-01 -3.958866775701979646e-01
1.999967253683211654e-01 5.656117535039284581e-04 5.887686793587324496e-01 2.831432155160297851e-03 1.597139345233403385e-05 1.786805458003775529e-06 9.999959913588016835e-01 -1.776183496680713500e-02 -8.321695905808954019e-02 1.575294006069102581e-01 1.493334341489760755e-03 -7.457276525835251912e-02 1.443632493060990618e-01 -1.775094977543184224e-02 8.317949798121218596e-02 -1.576499800159277265e-01 1.504535884239582150e-03 7.455722134032000126e-02 -1.444825805583166423e-01
1.999961063540070527e-01 5.123242380376123901e-04 5.131075707561495447e-01 3.478512431784371722e-03 1.110569043000253903e-05 1.446364929392113126e-06 9.999939498946149863e-01 -1.535689866834891518e-02 8.793005185505825549e-02 -1.796294814328654177e-01 -2.442904777074603531e-03 9.690601747066657223e-02 -1.950564704224631574e-01 -1.534897265270132073e-02 -8.796563992936859422e-02 1.795451005932647282e-01 -2.434914825659317654e-03 -9.692604280983604936e-02 1.949731292776323843e-01
1.999953002443011774e-01 4.633293201184782292e-04 4.112473143950701182e-01 3.948877092766858374e-03 5.977086406749746919e-06 6.729981407734370939e-07 9.999922031363682740e-01 -1.291634587113710264e-02 3.024639156750891789e-01 -6.043007119568091223e-01 -6.015589722097338526e-03 3.108014324006794782e-01 -6.200093385962874848e-01 -1.291262342506248328e-02 -3.025000715430510301e-01 6.042551110754468269e-01 -6.011840873680484795e-03 -3.108297405380371359e-01 6.199632189803824245e-01
1.999944102977605220e-01 4.544397330958513349e-04 2.823917803986490949e-01 4.088482989527690743e-03 8.740821967366246653e-07 -6.588161401833335512e-07 9.999916421178960402e-01 -1.072594187644670266e-02 5.588597799059733529e-01 -1.116021644651854494e+00 -8.919092053184508873e-03 5.655945361122465265e-01 -1.129564303903086486e+00 -1.072789574816424875e-02 -5.588999304157147296e-01 1.116015481480600924e+00 -8.921034319862249096e-03 -5.656356553064685322e-01 1.129554351152691760e+00
1.999940220653523282e-01 5.164349935530894876e-04 2.175840888957501496e-01 3.656752521730673514e-03 -4.285337509375172790e-06 -2.542024413881920449e-06 9.999933140457334391e-01 -8.624222817249465114e-03 8.563960852266332413e-01 -1.715959163622814643e+00 -1.101563648349782737e-02 8.606618362937404898e-01 -1.724413057225979040e+00 -8.633688328672247878e-03 -8.564450025318965931e-01 1.715991156209055513e+00 -1.102526918958381466e-02 -8.607209788044787313e-01 1.724435878143356859e+00
1.999942031027228395e-01 5.192439841594105035e-04 2.077965045457099147e-01 2.332022086097660252e-03 -1.042722376268269447e-05 -4.491999948274496868e-06 9.999972807683452647e-01 -6.450085628683523142e-03 1.154013262675999130e+00 -2.315731333167907913e+00 -1.340525817351345336e-02 1.156067836256857717e+00 -2.319178188339682478e+00 -6.467139282751737175e-03 -1.154070879800651150e+00 2.315801390717227459e+00 -1.342249014618782793e-02 -1.156144918075868500e+00 2.319233693425101883e+00
