2.000000000000000111e-01 0.000000000000000000e+00 2.399999999999999911e-01 0.000000000000000000e+00 0.000000000000000000e+00 0.000000000000000000e+00 1.000000000000000000e+00 0.000000000000000000e+00 8.000000000000000444e-01 -1.600000000000000089e+00 0.000000000000000000e+00 8.000000000000000444e-01 -1.600000000000000089e+00 0.000000000000000000e+00 -8.000000000000000444e-01 1.600000000000000089e+00 0.000000000000000000e+00 -8.000000000000000444e-01 1.600000000000000089e+00
1.978660438559901869e-01 -1.415500341809926666e-05 2.386952534657383884e-01 -3.487598788581003080e-04 7.806974708299828022e-03 1.702144382612492862e-05 9.999694641451414290e-01 8.911483391177013949e-04 8.048064409556753285e-01 -1.661726776780060533e+00 5.979669086161521667e-04 8.043573013123823667e-01 -1.660720932749287559e+00 9.937287772605843828e-04 -8.294572691267059206e-01 1.608821574508903840e+00 5.831056015400172283e-04 -8.288957457755934399e-01 1.607818939909958500e+00
1.938980561020827720e-01 -3.423126194546036313e-05 2.374958248678788741e-01 -8.686514951601737294e-04 2.018515082039202754e-02 4.748802343721592333e-05 9.997958806055492476e-01 1.940130439358473844e-03 7.857323318106274046e-01 -1.712625489742049423e+00 1.760808872403508800e-03 7.847211553005892792e-01 -1.710227662631919499e+00 1.985907559665254542e-03 -8.563292990925218673e-01 1.579067204365277588e+00 1.894570873773920557e-03 -8.549137275422105109e-01 1.576579407583701853e+00
1.882532964677530174e-01 -5.560817437492662123e-05 2.368693864910012270e-01 -1.483928401697306738e-03 3.290660839831473922e-02 9.470127564514234516e-05 9.994573248077612826e-01 3.346929244432720382e-03 7.521723995561746534e-01 -1.756037318695297555e+00 2.957836059107421360e-03 7.506269072009150722e-01 -1.752051711584808213e+00 3.299816736479997334e-03 -8.852841205034401861e-01 1.540190535977180586e+00 3.266164668838206393e-03 -8.827688041047329071e-01 1.535889619854982069e+00
1.810202032943681316e-01 -7.584468767632795137e-05 2.375569636102081161e-01 -2.102819067535896709e-03 4.102215096475451267e-02 1.543895013832637391e-04 9.991560125656432367e-01 4.756820138801506892e-03 7.058447032805995613e-01 -1.771053840240434551e+00 4.123476137565926583e-03 7.038793839556760634e-01 -1.765466325399629888e+00 4.609253570224227867e-03 -9.120565078002460524e-01 1.502956460622781210e+00 4.661643826405470134e-03 -9.083384671621066442e-01 1.496799732746835865e+00
1.722846717545102879e-01 -9.344377558271718307e-05 2.403478878526054685e-01 -2.662219193449432211e-03 3.831474392817718622e-02 2.138915199919267849e-04 9.992621514082787870e-01 6.013833672247167333e-03 6.515290964278338537e-01 -1.731050395309015055e+00 5.055735158594323007e-03 6.491556541599428076e-01 -1.723829810512655492e+00 5.791830268451162757e-03 -9.323497499669102240e-01 1.480994042102205199e+00 5.980199938748768235e-03 -9.274976391356898331e-01 1.473225188349497117e+00
1.621885486126935505e-01 -1.076333563707967413e-04 2.461224712717316188e-01 -3.127663913862115466e-03 1.652330447243256437e-02 2.515163776869275996e-04 9.998585574306322332e-01 6.936778067468346229e-03 5.945540362398198386e-01 -1.597824058926235358e+00 5.699029632980172171e-03 5.914364308451581786e-01 -1.588615442866002647e+00 6.823036452802034788e-03 -9.412595162145978023e-01 1.494154426861887819e+00 7.171716643798291442e-03 -9.355165184182842042e-01 1.485279291659393985e+00
1.510750604278909837e-01 -1.195385786255880696e-04 2.558041866515842200e-01 -3.514898781871233797e-03 -3.521440526689314371e-02 2.317091166866721522e-04 9.993735725238772627e-01 6.217743462442196917e-03 5.397402321498538935e-01 -1.331270086480927262e+00 7.518386707934876685e-03 5.350154944563919601e-01 -1.319114559558460797e+00 7.773748661062855961e-03 -9.296468789332497096e-01 1.568923893220413035e+00 8.357969622394522888e-03 -9.233726064356692076e-01 1.559537111742795412e+00
1.390279373154585385e-01 -1.214045061286797708e-04 2.686325851500557804e-01 -4.208381956484481649e-03 -1.183169890987887662e-01 1.096540717971371688e-04 9.929669519112355180e-01 8.121333586670355376e-02 4.789898401434762309e-01 -1.372339696456636116e+00 -6.707007806118180093e-02 4.671559447083924455e-01 -1.360813000294837316e+00 1.032067271198210991e-02 -8.857962702966505342e-01 1.708913839195306483e+00 9.665909860703718673e-03 -8.787992665373660639e-01 1.698589609663582856e+00
1.301366355674963282e-01 -1.276285741080410467e-04 2.750832572500664930e-01 -4.735663012334993469e-03 -1.575388075024962142e-01 7.391865793633381140e-05 9.875014390686005505e-01 1.441219300879849341e-01 4.058694203950434787e-01 -1.413455973496159590e+00 -1.288869876775543821e-01 3.919834734438790713e-01 -1.402150118107740484e+00 1.182068669588389777e-02 -8.679463411205560197e-01 1.765257606646168487e+00 1.125355830364989894e-02 -8.601404766656720602e-01 1.754111142754630537e+00
1.250346305647287992e-01 -1.337270272622079962e-04 2.763892956388678268e-01 -5.125718356947616891e-03 -1.600442695531874571e-01 1.355498441643158416e-04 9.870965203164033808e-01 1.936620765044537729e-01 3.266590219059912759e-01 -1.447212363434986271e+00 -1.769903985945848746e-01 3.139525194655221618e-01 -1.435847398696406430e+00 1.283310049075927529e-02 -8.773062094443623282e-01 1.750644666206644606e+00 1.219664540887275932e-02 -8.685813312119928797e-01 1.738636385796769268e+00
1.241847791101874932e-01 -1.368266807859506919e-04 2.735479410171275938e-01 -5.347492690569715691e-03 -1.286359436008274459e-01 2.863039192810732064e-04 9.916774255603052479e-01 2.330306190659145460e-01 2.553868559816366846e-01 -1.474110522947365221e+00 -2.147399875602338248e-01 2.454735013039728853e-01 -1.462542390495055633e+00 1.323105389864918241e-02 -9.049841635669761963e-01 1.667244396680499507e+00 1.231429975515857360e-02 -8.953404073960270493e-01 1.654255479139937979e+00
1.280845055934166365e-01 -1.367946482073458773e-04 2.673357756694589860e-01 -5.343819912209698056e-03 -6.162385289347410006e-02 5.057313994869339167e-04 9.980850106975160951e-01 2.673863830853380197e-01 2.136334864445140203e-01 -1.494879304645236440e+00 -2.473871628470615813e-01 2.070706009227510913e-01 -1.483013270349183843e+00 1.293339885414991099e-02 -9.326605792382669513e-01 1.498777806532433754e+00 1.162597752296893293e-02 -9.221850271239812047e-01 1.484501790353624617e+00
1.375786962705177474e-01 -1.342643669411110012e-04 2.577364624630314460e-01 -5.099929403342736388e-03 4.716813929580554454e-02 7.500525346803445627e-04 9.988736630708848763e-01 3.046601536678368305e-01 2.348883676757007044e-01 -1.510284356865024824e+00 -2.830151007494379756e-01 2.317198597271143412e-01 -1.498083157726221692e+00 1.122528610754238917e-02 -9.399764632144683718e-01 1.217657959159394787e+00 1.126261037314241903e-02 -9.285318332594967305e-01 1.201104648828661192e+00
1.445081338336160481e-01 -1.261942974640235110e-04 2.539313709997453317e-01 -4.986135132055907054e-03 1.132766048115117358e-01 8.975001625899532969e-04 9.935505743304060555e-01 3.766059765527800529e-01 3.076283401575862220e-01 -1.538323636763234470e+00 -3.539656084756196974e-01 3.060290748344897116e-01 -1.526852752647315681e+00 1.092528457802412201e-02 -9.019246376452003666e-01 9.877618564023893377e-01 1.068036673029910434e-02 -8.890390442341725707e-01 9.680003354504251867e-01
1.469422255349139284e-01 -1.232445768402614576e-04 2.584114032028836383e-01 -4.820340908881688875e-03 1.467467281728933037e-01 1.007651145148495903e-03 9.891618405110675916e-01 4.051473602728662415e-01 2.713721557056704148e-01 -1.590887887007923052e+00 -3.827525301229734445e-01 2.705987698859287915e-01 -1.580795282511175959e+00 1.016289665210782199e-02 -8.272511516679604826e-01 7.623065422840133998e-01 1.071322881875060203e-02 -8.127704620387886658e-01 7.391244971337399550e-01
1.465319435468208364e-01 -1.169424714938159608e-04 2.719463402243431083e-01 -4.390055336987020232e-03 1.459720304392482515e-01 9.656847057415094684e-04 9.892785053748163193e-01 3.789732850395645114e-01 2.398864627004131944e-01 -1.507151461628830846e+00 -3.591151330592881608e-01 2.389873449354537049e-01 -1.497371948946365272e+00 6.732976585211132917e-03 -7.441544997167853781e-01 6.062703185660587302e-01 1.243536354119136045e-02 -7.300079266132184497e-01 5.831815757396192623e-01
1.447538406138773603e-01 -1.113158354901933061e-04 2.584992250808925696e-01 -4.651812895036386113e-03 1.473090772745465349e-01 1.008180528505616888e-03 9.890790564769497140e-01 4.065240377280371353e-01 2.585984510022066307e-01 -1.585824637056032493e+00 -3.851932751605288141e-01 2.580205694618059042e-01 -1.575950458258876363e+00 9.692745457964830127e-03 -8.317813412351020563e-01 7.550075564408147422e-01 1.044792494244251545e-02 -8.178603786559665023e-01 7.329050109815036240e-01
1.397295067320870054e-01 -1.121304809980526115e-04 2.543469840957219286e-01 -4.670102097384635706e-03 1.122752561126726389e-01 9.036925350030842541e-04 9.936657588701726107e-01 3.766654664612720804e-01 2.796591552357139965e-01 -1.512514546458913367e+00 -3.559426606790986325e-01 2.782976737787108967e-01 -1.501301746054441777e+00 1.020038343249974819e-02 -9.118218399409572239e-01 9.780998401783130847e-01 1.008682561677016511e-02 -8.997588386365640289e-01 9.599589633326421900e-01
1.324603663357766248e-01 -1.119468086320019365e-04 2.590846345811383400e-01 -4.487229552150077093e-03 3.495179611505791484e-02 7.046604004958998638e-04 9.993786770654042861e-01 3.050831211439554713e-01 2.946341309131312314e-01 -1.244931416868074514e+00 -2.865957893188447181e-01 2.911427026362976567e-01 -1.230646163953669214e+00 1.003475007163511304e-02 -9.477503622573292263e-01 1.234891086083251821e+00 9.886250900898264915e-03 -9.376897832100392627e-01 1.220743194470681026e+00
1.224180093449469403e-01 -1.143873347534544088e-04 2.706183555622456161e-01 -4.745618762139500006e-03 -7.895115101805016966e-02 5.520469158991427082e-04 9.968670373222759951e-01 2.507803352004269737e-01 2.298485789323452266e-01 -1.236337059934375038e+00 -2.341517468453153950e-01 2.247499264737686797e-01 -1.222906139168651762e+00 1.171964526025529724e-02 -9.293676389389569081e-01 1.514280542522841611e+00 1.050289038714201373e-02 -9.199391519995601119e-01 1.502131355667760015e+00
1.164086154850431654e-01 -1.162348384059254944e-04 2.781762671017157795e-01 -4.813948031120299231e-03 -1.541320010851819633e-01 4.422813255123904689e-04 9.880384387932790169e-01 2.107991988854656662e-01 2.286630607413190630e-01 -1.230748455887075155e+00 -1.958744001760805709e-01 2.228074278167467837e-01 -1.218321366880631196e+00 1.236948913793424476e-02 -8.958087240421825914e-01 1.692160464757317406e+00 1.155009307784026287e-02 -8.868065266639928446e-01 1.681270275062563435e+00
1.145080219392428239e-01 -1.169376900863456064e-04 2.823293121957015095e-01 -4.682086904362385560e-03 -1.980822794863337788e-01 3.823155952025679384e-04 9.801741388398815813e-01 1.743691141619475027e-01 2.616297989645384181e-01 -1.221623869535438889e+00 -1.609257780326502352e-01 2.555749371003819825e-01 -1.210144954523753258e+00 1.251259108814481782e-02 -8.616561934850401894e-01 1.797890111948945435e+00 1.196732721540774182e-02 -8.531574839818868439e-01 1.788076414327375296e+00
1.169153388834675150e-01 -1.164016403988573961e-04 2.829840638502183481e-01 -4.353915707682982396e-03 -2.143803711205398421e-01 3.639621751773661662e-04 9.767404811042516011e-01 1.368441234968790776e-01 3.130995380990639898e-01 -1.208821544545736426e+00 -1.246739970995643654e-01 3.072315222881072394e-01 -1.198180108595725768e+00 1.199636330187083683e-02 -8.401572083835466831e-01 1.850754260085533343e+00 1.154519048320388000e-02 -8.323591494231667998e-01 1.842016909699986549e+00
1.238896667004269758e-01 -1.152045886455637064e-04 2.797677294276492144e-01 -3.828378502813141720e-03 -2.026844018305937467e-01 3.630728642707117836e-04 9.792365623028527200e-01 9.605510759711372026e-02 3.761113623351424184e-01 -1.191977523103794345e+00 -8.499822297882497768e-02 3.707308527522211739e-01 -1.182041594344907853e+00 1.071756731645718067e-02 -8.394002692512813057e-01 1.855085777617863529e+00 1.015638885819113504e-02 -8.325850046669306392e-01 1.847467834554438415e+00
1.357468751208955327e-01 -1.145501171435914505e-04 2.721588256554691165e-01 -3.112896711261736119e-03 -1.582105598647637612e-01 3.330883520935003987e-04 9.874004343089447522e-01 5.108274935988869198e-02 4.490293553945470251e-01 -1.170361430172341954e+00 -4.107284272644785156e-02 4.444137385338347013e-01 -1.161009656800987555e+00 8.683470356262639606e-03 -8.608577835302606562e-01 1.799485697418286900e+00 7.873310530055258050e-03 -8.553684057128062568e-01 1.793014357138131842e+00
1.529462965925501572e-01 -1.138881282926014276e-04 2.592635663839409355e-01 -2.279822777235151164e-03 -7.128222672478880251e-02 2.004570905227704000e-04 9.974535610133511421e-01 3.294499852030743914e-03 5.358954893430265543e-01 -1.150551882292182082e+00 5.536064256714733067e-03 5.323955286656080199e-01 -1.141764734119784963e+00 5.309874485747843875e-03 -8.991587785430111834e-01 1.662430937131750275e+00 6.019607787383591223e-03 -8.952691926743117090e-01 1.657017840308728562e+00
1.671332792649947163e-01 -1.012554498521652354e-04 2.490211359374635003e-01 -1.823858341010425009e-03 -1.982576573753604132e-02 1.614422859994688216e-04 9.998017735981770127e-01 4.402995559657146840e-03 6.241356497283409022e-01 -1.447214224685676509e+00 2.966636898491525898e-03 6.219059087961862353e-01 -1.441276907625480108e+00 4.189752704822965329e-03 -9.061323798977960475e-01 1.598267208431589870e+00 4.621522410148217776e-03 -9.030490592733404487e-01 1.593656068762354661e+00
1.787959470680717255e-01 -8.632444734321871073e-05 2.421974677609389226e-01 -1.329961630782434045e-03 2.748158081084832102e-04 1.085850526855354232e-04 9.999990719433786701e-01 3.344707680943472330e-03 7.013514929822155519e-01 -1.595052781043508450e+00 2.309068685244821881e-03 6.998961115219852758e-01 -1.591193898478761914e+00 3.122464385791542951e-03 -8.955382804973646138e-01 1.599789351352706834e+00 3.317791460719151687e-03 -8.933823985588373873e-01 1.596388210542570851e+00
1.880288844283797833e-01 -6.848834144450853013e-05 2.381837668047589174e-01 -8.103476460266859213e-04 1.880800892037734007e-03 6.457553542693241627e-05 9.999979008751455067e-01 2.108952550124459750e-03 7.622806566945000695e-01 -1.642820756762279899e+00 1.518724354909788132e-03 7.614074173654737931e-01 -1.640595804766232568e+00 2.032526542157412058e-03 -8.750167621380856575e-01 1.633203617878179692e+00 2.050922634357566637e-03 -8.737822385816234050e-01 1.631205773586090757e+00
1.946891207857728290e-01 -5.043330934783770683e-05 2.362361724659186313e-01 -3.434745247897404976e-04 -4.705841252427396364e-03 3.816439425823928529e-05 9.999888677514549018e-01 9.830248763368655811e-04 8.051001404867601519e-01 -1.640855688041114036e+00 7.214195908051478047e-04 8.047607474548433837e-01 -1.639961757732208536e+00 1.041921306410970938e-03 -8.516750952991465340e-01 1.672464381427072988e+00 9.563619328338932198e-04 -8.511825811246966911e-01 1.671728109125198980e+00
1.983718241466769505e-01 -3.726708120109532092e-05 2.355908439117411213e-01 -4.372896493014507614e-05 -1.133069923961502364e-02 2.761971636137808541e-05 9.999358042292866289e-01 2.253359263504926347e-04 8.275343326490811613e-01 -1.625698092348103252e+00 2.166255733792122945e-04 8.275654390211285572e-01 -1.625636216740799389e+00 3.983988285888525899e-04 -8.346868483891689561e-01 1.699170906363484779e+00 2.566175117400330526e-04 -8.346184131583980204e-01 1.699219719000943929e+00
1.987351029418154003e-01 -3.069355844617976725e-05 2.354086564664508441e-01 3.121036972119099404e-05 -1.193050530137622182e-02 1.156704005310527337e-05 9.999288284349893141e-01 -3.895167517829719369e-04 8.407820357824349333e-01 -1.616646614979613705e+00 3.625727640019341157e-05 8.410543839751583040e-01 -1.617079805826345806e+00 1.625077305905152716e-04 -8.246216414214080359e-01 1.715010647865228943e+00 -3.271573690815640428e-04 -8.248208684869420271e-01 1.715528509041576166e+00
