2.000000000000000111e-01 0.000000000000000000e+00 2.399999999999999911e-01 0.000000000000000000e+00 0.000000000000000000e+00 0.000000000000000000e+00 1.000000000000000000e+00 0.000000000000000000e+00 8.000000000000000444e-01 -1.600000000000000089e+00 0.000000000000000000e+00 8.000000000000000444e-01 -1.600000000000000089e+00 0.000000000000000000e+00 -8.000000000000000444e-01 1.600000000000000089e+00 0.000000000000000000e+00 -8.000000000000000444e-01 1.600000000000000089e+00
2.023115914269927318e-01 -1.516994111142937977e-04 2.411884482696239063e-01 -9.906056191518728717e-04 -3.958853817523792611e-03 -2.404407299715163068e-04 9.999916441476969231e-01 2.801321410875133675e-03 7.293157410676172070e-01 -1.422805071850419045e+00 3.164168430830270953e-03 7.276399983579746600e-01 -1.420636163533130381e+00 2.035768733663886020e-03 -7.086017103999251443e-01 1.452578066983746474e+00 2.418028529938453814e-03 -7.077078408082966288e-01 1.449588693810757167e+00
2.068251007347037262e-01 -3.708846950731620401e-04 2.407359231735976546e-01 -2.680065816479503937e-03 -1.423719566452204092e-02 -4.846966442168735407e-04 9.998949367688549916e-01 7.649008094120035225e-03 7.494648108941588394e-01 -1.386177799394013865e+00 7.479347686988659441e-03 7.452990426286555392e-01 -1.380202336961705356e+00 6.212744072074976275e-03 -6.877403125899136382e-01 1.492597691274685445e+00 6.065286049853312045e-03 -6.850025206174925607e-01 1.484535993905985229e+00
2.138523892129375881e-01 -6.051880106894127814e-04 2.418137154884580919e-01 -4.034139556589822796e-03 -3.051323003351465515e-02 -6.905872086884556156e-04 9.995259834542906674e-01 1.129088968953087350e-02 7.709144390419577775e-01 -1.311691917616061964e+00 1.117210494340222481e-02 7.637827525519791383e-01 -1.301110435636837703e+00 9.727409300523064128e-03 -6.455692081990772602e-01 1.538944869828154705e+00 9.632547978165244967e-03 -6.422525610733009760e-01 1.528168386871114670e+00
2.240158707415323414e-01 -7.585404349895121141e-04 2.475812570373686905e-01 -2.814927053974208403e-03 -5.111627520492777188e-02 -2.438533890695686150e-03 9.986857644661401023e-01 8.905435790088863865e-03 8.469452213212267377e-01 -1.302949385738602750e+00 1.128886838471692376e-02 7.614607876637768946e-01 -1.151802133972136488e+00 4.217787432202025656e-03 -5.601706404068564904e-01 1.550576450703560427e+00 5.941885947087794523e-03 -6.187992248989474531e-01 1.657494436081158318e+00
2.353528991416630189e-01 -6.958238418782998567e-04 2.466272942580046701e-01 3.518594667999226135e-03 -7.100278681833906147e-02 -6.418158484309865845e-03 9.974492623673958391e-01 5.037433910467898485e-02 9.879649439274814648e-01 -1.688457582656765155e+00 2.687929179527143511e-03 7.960532720049232625e-01 -1.077161924458974518e+00 -1.936684763041411628e-02 -4.820042267031999228e-01 1.602903102519246170e+00 -9.360838701799177597e-02 -7.590702623988749842e-01 2.141360134234048029e+00
2.488732859762418093e-01 -7.538388401365213884e-04 2.446841751266195242e-01 1.083252026939988261e-02 -8.405221699894038778e-02 -8.592095347480130721e-03 9.963654235368245571e-01 8.031842906331895793e-02 1.042847386275956634e+00 -1.964715080827752036e+00 -9.961765849305413353e-03 8.438449623495622998e-01 -1.035061043740770792e+00 -4.277670704679327474e-02 -3.954748410341646925e-01 1.626058811213799693e+00 -1.747055743065210609e-01 -8.958562878861335843e-01 2.471790071083605600e+00
2.640360021292281756e-01 -9.010538938866726561e-04 2.466986754822211581e-01 1.434377645390927034e-02 -7.991809010434446081e-02 -6.497949422442992305e-03 9.966770447865334059e-01 3.481125647027180636e-02 8.151008154863155220e-01 -1.586651376278621628e+00 -1.883245677861961065e-02 8.751355311640511836e-01 -1.001109667488706112e+00 -4.504164869278062810e-02 -3.124564574193696709e-01 1.554712490958844118e+00 -1.182441755260171812e-01 -8.676926784965132144e-01 2.071380901519391138e+00
2.827106406395262228e-01 -1.173011541371228508e-03 2.481728066711303415e-01 8.298383989501091629e-03 -5.168104490394406086e-02 -1.712585158591926459e-03 9.986276951261034984e-01 -9.398230102205938630e-03 6.082168004284370655e-01 -1.141746648004828169e+00 -8.325416278898661523e-03 1.003348060244448670e+00 -1.183213375727491412e+00 -1.870817410081624527e-02 -2.990867111120206756e-01 1.532641754505670528e+00 -1.479803754584532727e-02 -7.581188864866862387e-01 1.574649319835458972e+00
3.023891944345528660e-01 -1.367666383054926341e-03 2.449498404650611028e-01 -2.938256567504522526e-04 -4.597221271490783967e-02 1.122324921114456475e-03 9.989420452215184154e-01 4.413937372032487871e-03 7.012982549625429440e-01 -1.209679162899625959e+00 -3.787101009092213449e-02 1.145450988918331525e+00 -1.693276682547130596e+00 7.727208303069563189e-02 -4.775551060198594544e-01 2.001302009821654515e+00 8.695111791681767177e-03 -6.751779931790390377e-01 1.566000439536081368e+00
3.228235396839579940e-01 -1.265394662976287998e-03 2.419191120051312205e-01 -1.630452800826936305e-02 -4.915856214430516097e-02 2.996924034359620386e-03 9.986534016267426539e-01 3.312447727888480353e-02 8.065142391302045910e-01 -1.254085157472813794e+00 -5.723799047396987277e-02 1.166934659353508597e+00 -2.052818879536183250e+00 1.764724283194202825e-01 -7.117582011108419815e-01 2.372084265180280482e+00 4.596008152616780362e-02 -5.771900376638631203e-01 1.569461526677763397e+00
3.433331520753176713e-01 -9.811240921322836751e-04 2.435506743650218409e-01 -3.111849352159165236e-02 -4.493680200283794307e-02 -3.709548218791305072e-04 9.985049752400958489e-01 6.564532307225687258e-02 8.819727050366520382e-01 -1.253000111046314924e+00 1.625046963670064709e-02 8.292742341823519103e-01 -1.701927775348028860e+00 1.458690689814250985e-01 -8.409177730478522017e-01 1.994849531892209038e+00 6.812627968043044602e-02 -4.663154315325862553e-01 1.488260198785771315e+00
3.658461724925198832e-01 -6.370665043190199646e-04 2.448827462128572996e-01 -3.604533731753883918e-02 -1.945303028081613733e-02 -5.834576566597951021e-03 9.991437689275988188e-01 7.937375746695549128e-02 1.023427528886066140e+00 -1.411081618756261813e+00 8.293074183452378567e-02 5.273733892713590166e-01 -1.253423301228137055e+00 6.820711087777020509e-02 -8.611228763145778453e-01 1.522091388842855109e+00 6.361764760110535932e-02 -4.287413912029914287e-01 1.465898453842128912e+00
3.897101509761000671e-01 -3.456765450026065773e-04 2.418088869542672492e-01 -3.141736991350382174e-02 -2.043032240216359485e-02 -9.634645722709844068e-03 9.992510817587637595e-01 1.286768131264376391e-01 1.139017443923425965e+00 -1.871349367818264442e+00 7.753269643726984350e-02 6.376320919734106418e-01 -1.296828899507938671e+00 5.016139159809816783e-02 -7.690876258923939890e-01 1.557326358323893434e+00 -1.989942790818839680e-02 -6.164072343264197507e-01 1.935702341663626980e+00
4.135955231766946238e-01 -3.857632149152241934e-04 2.388989391485419611e-01 -1.545922090220889361e-02 -3.202415322260488556e-02 -1.250858064284384591e-02 9.992892481708053332e-01 1.584693345768632688e-01 1.140263747467495703e+00 -2.174982541133267944e+00 4.885936008250225948e-02 7.596973360547768506e-01 -1.314797638432912308e+00 9.352696244495223299e-03 -6.540910333923660724e-01 1.596285059390993188e+00 -1.159519948182758942e-01 -8.444845162385477000e-01 2.311431116501364347e+00
4.370477545421941890e-01 -5.210667381611121382e-04 2.408886955376883798e-01 2.590442369480854424e-03 -3.667449670583599469e-02 -1.024644617513266465e-02 9.992713751731728822e-01 7.229960664450521546e-02 8.234204806003778687e-01 -1.784811013120729761e+00 9.357058749868432668e-03 8.493190694452821266e-01 -1.288282891460299950e+00 -2.522425856426959573e-02 -5.187562133550646104e-01 1.539733627173379693e+00 -9.225371959199021865e-02 -9.102809753811871296e-01 1.943849468288397553e+00
4.619044970307929487e-01 -6.672969152139858169e-04 2.426712935422886686e-01 1.088408258109417777e-02 -1.946385663711276692e-02 -5.803873808291506835e-03 9.997344697868505436e-01 -8.543505606942294883e-03 5.484194259627547252e-01 -1.306337265342982779e+00 -1.035579487814307711e-02 9.982286951952508147e-01 -1.421398601263421435e+00 -3.442669986567167134e-02 -4.559971619356655848e-01 1.533120601305908437e+00 -2.695632180920023990e-02 -8.736474705371838345e-01 1.486986538438513694e+00
4.871951407176324800e-01 -8.106998915491114583e-04 2.399189183520393787e-01 6.555512237710047277e-03 -2.641735140925417780e-02 -4.258534164930408324e-03 9.996204348104270609e-01 -2.645881641123476458e-03 6.670011211431653431e-01 -1.322841690947095916e+00 -4.602448632379924076e-02 1.108692203814541255e+00 -1.864505471186150620e+00 3.275106553801842429e-02 -6.053768403644304019e-01 2.015313930139082554e+00 -1.692033710237105665e-02 -7.796514473364914988e-01 1.544446495185166190e+00
5.119430531130249040e-01 -7.189687397226086386e-04 2.373603512079128230e-01 -7.920526243032320612e-03 -4.278189619697547741e-02 -3.338021848621090543e-03 9.990474624520913061e-01 2.297017942700705848e-02 7.900409566486827906e-01 -1.312722589139302176e+00 -6.259213106955401063e-02 1.103920415012373812e+00 -2.152457134870148447e+00 1.195709677412465921e-01 -8.067488736890320311e-01 2.403107179503778834e+00 1.312059044978809361e-02 -6.632211428330722081e-01 1.602661573570836051e+00
5.357812385632142460e-01 -5.007607177972936592e-04 2.392791151098492552e-01 -2.122843539902280474e-02 -5.077500857070810919e-02 -7.169671275196469636e-03 9.984587361773943348e-01 5.179523897218831635e-02 8.750839222974441389e-01 -1.259926176703545009e+00 7.891209095091750170e-03 7.931503914881171680e-01 -1.739663002625122745e+00 9.644828865161234055e-02 -8.929160295298110839e-01 2.046158916003773864e+00 3.098120852296299896e-02 -5.292547883134284259e-01 1.568562146019017112e+00
5.607756274993500600e-01 -2.351219570457674791e-04 2.409660681659553105e-01 -2.390204325548392697e-02 -3.651023332466295235e-02 -1.241771746563445807e-02 9.989702175158853281e-01 5.944332208616222302e-02 1.019014758094041628e+00 -1.372236689032864332e+00 6.876414583371939782e-02 5.282658831828056512e-01 -1.241939063194356985e+00 3.187249272291201030e-02 -8.824882102837070530e-01 1.598006372680482068e+00 2.160086544853666649e-02 -4.674347177416557364e-01 1.580748071086577999e+00
5.862446715839521039e-01 1.482296193743906361e-04 2.382809023892822620e-01 -1.738970742528492611e-02 -4.760177807402710126e-02 -1.575553420978093727e-02 9.985907229398931495e-01 1.034945878039384010e-01 1.139227075857000449e+00 -1.795573571610963759e+00 5.673043534043192837e-02 6.471124431233499230e-01 -1.250685142897850488e+00 7.609892284892311176e-03 -7.736050712686448616e-01 1.663229459874438820e+00 -7.325062097169948716e-02 -6.182247473126216697e-01 2.062695934723494773e+00
6.110499034826626374e-01 2.648170293591093098e-04 2.358279689423131709e-01 -2.304610717321457346e-03 -6.773266368971291029e-02 -1.799498534253146306e-02 9.975385483987372348e-01 1.343704232954831546e-01 1.147101859959543724e+00 -2.065752673887729429e+00 2.691258380954810597e-02 7.681141763806516032e-01 -1.232586139784443535e+00 -3.570104449254461049e-02 -6.388401867543758161e-01 1.725199273299284686e+00 -1.750077968935346839e-01 -8.213168663463834562e-01 2.445423823072998548e+00
6.345372365456440900e-01 2.719738838962629376e-04 2.381213581051910555e-01 9.935743827841708731e-03 -7.885453133927532166e-02 -1.557346697852417076e-02 9.967149597593685240e-01 6.451573967919059516e-02 8.323143205637824060e-01 -1.640216611543841907e+00 -2.803433575895911828e-03 8.462181349518563822e-01 -1.168284227150120591e+00 -6.206406697729940913e-02 -4.923829590715742555e-01 1.696644064817323549e+00 -1.252505798922428082e-01 -9.026072539069458500e-01 2.093558003444581761e+00
6.587993904123664590e-01 4.166976877342794087e-04 2.400429473734456698e-01 7.530522959616450102e-03 -6.761134893349937669e-02 -1.157253247668194041e-02 9.976161953433912988e-01 2.500655418147944287e-03 5.534686416704241996e-01 -1.129979244048810560e+00 -2.800965437574954447e-03 9.840026010037823401e-01 -1.278730148145547751e+00 -5.271578857607184948e-02 -4.209400877371258787e-01 1.717469511995683540e+00 -3.554585530888074163e-02 -8.918621198963203600e-01 1.654713417192320568e+00
6.833110762773212388e-01 5.447982156519017016e-04 2.377491229806402706e-01 -2.505622536056524140e-03 -8.179098595471730182e-02 -1.119176687101015866e-02 9.965835142257606361e-01 1.867866939943908094e-02 6.653950274390991737e-01 -1.122597521955158051e+00 -1.853291363702989220e-02 1.088068751565325121e+00 -1.702877024152760432e+00 9.543086770497928584e-03 -5.192751312461127977e-01 2.220343055842098678e+00 -1.837729015133944543e-02 -7.823630513869396230e-01 1.722560183831954639e+00
7.063127306810420558e-01 8.091830068992870171e-04 2.348861249470392265e-01 -1.953815855354578551e-02 -1.032946436355135916e-01 -1.147103686313234033e-02 9.943927253705315827e-01 4.798585762552429190e-02 7.798671082788800613e-01 -1.104240963153560573e+00 -2.984303577406736616e-02 1.074263209649796824e+00 -1.984200045776854493e+00 8.029374732605432108e-02 -7.022631240610065495e-01 2.629276699518075411e+00 1.287074878253734178e-02 -6.556759590851426456e-01 1.793544217199265711e+00
7.267743051545505484e-01 1.385272024574514625e-03 2.335524693961001652e-01 -2.965889210936777098e-02 -1.155347277242955301e-01 -1.660180871749666540e-02 9.927217418571154806e-01 6.901046447425039643e-02 8.604365200675931913e-01 -1.064718798898554475e+00 4.433646727053913023e-03 7.463854519997104031e-01 -1.586474711629646039e+00 3.410775314050304430e-02 -8.847957908934344085e-01 2.303031418654379880e+00 1.627397683478144438e-02 -5.416573102246343696e-01 1.810895698117023001e+00
7.423699801583526492e-01 5.113322855072452086e-04 2.260820158913516842e-01 -1.821373530726535031e-02 -1.065158687607692112e-01 -1.764266764412109056e-02 9.939876084874974538e-01 6.078214312121923979e-02 5.578959068679911759e-01 -1.108260276290491841e+00 6.092689951439868301e-02 5.034564360119282433e-01 -1.067930535094674838e+00 6.500127985118554080e-03 -9.976082983073688570e-01 1.905122996009273706e+00 8.179839800525497834e-03 -9.895396460005024819e-01 1.805888404746597953e+00
7.614890069657801464e-01 4.004303935740228864e-04 2.245857437835370451e-01 -1.651875882309027793e-02 -1.305077557551459766e-01 -1.781120158254715508e-02 9.911496442984205624e-01 5.485302961795339438e-02 6.399050955436786925e-01 -1.046193669147157390e+00 5.429828859765793714e-02 5.817380539754185564e-01 -9.980104780792734553e-01 -2.449383504507646886e-03 -8.934953536927585649e-01 2.006370255682709214e+00 -4.798651174000370667e-04 -9.115540258961238873e-01 1.929227204170872900e+00
7.754434989193789152e-01 3.276092493749945315e-04 2.248413788042663286e-01 -1.351834106796162560e-02 -1.585589171335320124e-01 -1.772454824018489944e-02 9.870978495781931317e-01 4.616686191846787468e-02 6.750449219361578379e-01 -9.174803325614576677e-01 4.610804421547691490e-02 6.260191616859502872e-01 -8.863969401787961111e-01 -1.552962729347757975e-02 -7.827098615828729233e-01 2.092827170805920733e+00 -1.282126408400477424e-02 -8.192852694455796669e-01 2.028391235326662656e+00
7.831232073664989857e-01 3.086037165683589161e-04 2.255276980858763602e-01 -1.101833810592156571e-02 -1.789973659126524175e-01 -1.757348650722129896e-02 9.836308818828819467e-01 3.953686328909148534e-02 6.742861004658482482e-01 -7.939583859436544211e-01 3.965082043080719182e-02 6.330191302348239235e-01 -7.763885877302135752e-01 -2.652891378779852552e-02 -6.999512915267320778e-01 2.142290794718766822e+00 -2.318407274884253660e-02 -7.499617935641715860e-01 2.087602501967300572e+00
7.840678031518866220e-01 4.012270117377983274e-04 2.259846546636470610e-01 -9.022280896661087971e-03 -1.843339291546505776e-01 -1.741761085670826339e-02 9.826679133063591642e-01 3.219641936939945936e-02 6.741488456067643575e-01 -6.710383695280507377e-01 3.361344895131027077e-02 6.407601137649642231e-01 -6.668440985615580185e-01 -3.686619309807580985e-02 -6.174557126326957190e-01 2.191744494991322512e+00 -3.428756594876411490e-02 -6.809859357719545425e-01 2.146786466873303212e+00
